-5.754336527927215172e+00 3.560185403278890703e+01 -3.219790144540404242e+01
3.520088320776704904e+01 3.986546576431655353e+01 -2.923789925991001581e+01
-1.997211751376262612e+00 5.583626497862809401e+00 1.807069993521663775e+01
-1.822378273483479205e+01 1.299405784276500242e+01 -6.918106526705791737e+00
-1.655189520124203284e+01 2.058461766120949221e+01 3.388884143278312422e+01
-1.244446705791652619e+00 -3.136005962772631506e+01 2.690539871410379646e+00
1.027959701957897920e+01 -2.330029199766132209e+01 1.539701021626801491e+01
1.883449778486532722e+01 1.615927719160563214e+01 -2.603456090937001477e+01
-3.926791820300474001e+01 -1.865855763416632129e+01 8.706557688277534623e+00
2.344795702581500052e+01 2.140587760487832725e+00 -2.240433413395916773e+01
-1.123131429831646599e+01 -9.722954627852075760e+00 3.022463927001140860e+00
-1.718326755180584087e+01 -3.900747619788054976e+01 2.092095864643947323e+01
2.703371062515091694e+01 -2.805799721422332027e+00 -1.997509057461542170e+01
6.502676168995236594e+00 -2.696566907753210174e+01 1.261943367142226435e+01
6.637245494372010057e+00 1.352440732299476167e+01 -1.431727359430344393e+01
3.404390185880811259e+01 -1.819992362909282946e+01 2.650238412943508592e+00
3.211760610342112443e+01 -3.258884328874322023e+01 -1.341809484842868727e+01
2.756066995107330797e+01 3.713369945871740185e+00 -3.835372765577098164e+01
1.672603103250085610e+01 -2.858677103086697713e+01 -5.181340524179347540e-01
3.976198836284758897e+00 -3.270347115155231421e+01 -2.331815879420102533e+01
-3.313141683587026876e+01 -2.616381228576614149e-01 -8.054012734598828160e+00
3.268000554039038263e+01 -4.184182412958406871e+00 -3.072439667679256914e+01
9.939463936101873287e-01 1.535242765943088727e+01 -1.658631765909031941e+01
1.918662728170910725e+01 -1.834792238749507476e+00 -1.178026727988785893e+01
1.834515569092815213e+01 -2.106427266701906120e+01 -1.008438837086294626e+01
3.430317195801889341e+01 -3.636626713298065283e+01 -9.155206371104178231e+00
-1.264853654424146612e+01 3.194592878427218352e+01 -3.353235959913868669e+01
3.901377467984640646e+01 9.184953913764609013e+00 1.986789951040981350e+01
-2.789372034174525794e+01 5.935758230122011980e+00 -1.751788086363156793e+01
-9.210676590570816558e+00 -2.428396264185261444e+01 2.350836579687162242e+01
