-3.518751191361928488e-01 -3.209884240159446289e-01 5.568974497128855727e-01
-1.023484837986001761e-01 -4.018870440061745875e-01 -5.547788929254657830e-01
-1.247938670137445083e-01 3.027833752973163595e-01 2.497398693198518149e-01
1.715100834253884265e-01 1.103825860263076830e-01 5.402936420595396694e-01
-5.292122769070424226e-01 7.901270092135894707e-01 -1.410941514754826542e-01
-7.398926313623790385e-01 -4.383516386962753586e-01 -5.128571684754648086e-01
3.210321697389970641e-01 -8.154274775517771356e-01 2.038090283075899567e-01
4.027366653392081552e-01 -2.510388478604457241e-01 3.634421577323556640e-01
-5.585019112572076061e-01 -8.082796735763577711e-01 7.402551785413613583e-01
1.171570387651408307e-01 -4.965820605266262344e-01 -3.513054094761307589e-01
1.284972387809664163e-01 -5.464577734358044836e-03 2.380821936304287068e-01
7.456188490046369299e-01 9.068485126414023156e-01 9.240585480874952129e-01
7.197325995205035021e-01 9.847312283023268442e-02 -4.523198761204523244e-01
-9.390856938552532007e-01 -3.144574842695768702e-02 -8.485862758808102591e-01
-5.440851354885518631e-01 -7.861718617150819099e-01 8.889903886889307660e-01
1.868210016515798877e-01 -5.277146404002561741e-01 -1.252130078959778903e-01
-6.250297339592805201e-01 -4.737875305360998990e-01 -2.700770075002565385e-01
3.822891969230735043e-02 3.854637443162454158e-01 2.244808073511845858e-01
3.999309541409177271e-01 3.235285600948734075e-01 -8.863395414586410226e-01
-5.666518308797283687e-01 8.507161045925486498e-01 -2.558700070217581057e-01
-6.504819172477436240e-01 -6.057301758990212281e-01 -5.245527905100784150e-01
-3.544911058288597872e-01 4.796714370943857553e-01 7.953551015595916596e-03
7.402341690619764769e-01 -7.889498369730651994e-01 9.180435221846221516e-01
-8.620890240067182742e-01 -7.464220670659238444e-02 -8.673779603912319391e-01
4.024398949613905430e-02 9.678085001609633142e-01 6.236204525548449951e-01
-9.360533351278397252e-01 -9.881112974645471780e-01 -6.058405674093070292e-01
4.315451399063874316e-01 5.836854164359599473e-01 -6.413724761728549772e-01
9.571988632970152011e-01 6.882329328516234579e-01 -7.216401134580698873e-01
5.286882235875471903e-01 2.021976115727934786e-01 -8.264393278525428155e-01
-2.454839128779553459e-01 -3.372069855252814996e-01 3.183757163476397256e-01
-7.156634780476964774e-01 -7.911099081634802577e-01 -7.299388012567653572e-01
-6.295030433002684056e-01 8.023241303290318260e-01 1.179983783565337063e-01
-3.210019653459994515e-02 -1.232970998125646478e-01 1.710291944019082244e-02
8.993130378934914848e-01 -4.365329142622584868e-01 -5.104312731648272816e-01
9.544796666909138860e-01 8.506162609299949828e-02 -6.219992938945424488e-01
-9.669712642673375935e-01 -9.638559751909014928e-02 8.113402048756568341e-01
8.779669484395793422e-01 -3.774312177494998366e-01 -2.226021151904866713e-02
2.276028319489979967e-01 5.423349496101297351e-01 1.171191561710209772e-01
9.723264934934445769e-01 1.998727094067218601e-01 9.904131945520089353e-02
4.408820422648329629e-01 -1.568494917280567336e-01 1.999212431268240220e-01
2.157080418759915741e-01 -6.168431293520286740e-01 -4.908617491445355085e-02
5.008032502337873559e-01 2.823486104556296450e-01 -5.691556038830249964e-01
-2.177158676994708220e-01 1.158725218716443184e-01 -6.084543565700548662e-01
3.063608943344853230e-02 7.069495963291894114e-01 -9.978387490847375751e-01
-2.453193039463470448e-01 1.729394388593616938e-01 2.156435915449967933e-01
3.597480741486582811e-01 -5.102075598837729764e-01 8.060127881512975101e-01
9.556592175723421789e-02 -1.692374969602290502e-01 6.368261408144735292e-01
5.103066444080170960e-01 -1.702504801870268203e-01 -9.155137805296638120e-01
9.579051903890609676e-01 6.529661774911126315e-01 7.785870387974560547e-01
-1.792496210139993273e-01 -5.254347984541036798e-01 -9.915625439592259394e-01
