1.000000000000000000e+01
1.082468123930763280e-03
4.271613292558362057e-02
1.323406880137194611e-02
1.071988660366469774e-02
1.128674649404572475e-02
3.928284056429375004e-02
2.378185356880611195e-02
6.591313879199967724e-03
2.807494733103853626e-02
1.037376513006780902e-02
4.111614989841178187e-03
4.598247035053705523e-02
2.151680718351514643e-02
4.829125734168582262e-02
4.545146679223632975e-03
5.616276649412998978e-03
4.226337773700636347e-02
1.207866836839976456e-02
3.501676720667012271e-02
4.505211164759298503e-02
1.732228608827253089e-02
4.684708791774455650e-02
1.876608174620573305e-02
4.760210302242494362e-02
2.170780632383916345e-02
3.465027533907464458e-02
2.930392286534699853e-02
2.474456047981594964e-02
3.363234635483167145e-02
4.081622541924555952e-02
6.799391318231157687e-03
4.145014170110659923e-02
1.232125607998226305e-02
4.860435002332031545e-02
1.744354795833989030e-02
2.589926955375888851e-02
2.961062088873828851e-02
2.470267135447372711e-02
5.022404197860069752e-03
3.172305134388327813e-02
3.491335680235601452e-02
1.983279134138250105e-02
4.574536163965788049e-02
2.931778600175771396e-02
4.864852665124997505e-02
4.598154539646842620e-02
2.236786470596952188e-03
9.130468105543810761e-03
3.521035781462492770e-02
